0 0.47951562500000006 0.5315807962529274 0.034875 0.13552693208430913
0 0.7511875000000001 0.6097306791569087 0.09153125 0.24081967213114755
0 0.8929609375 0.6064168618266979 0.060828125 0.2314285714285714
0 0.054726562500000006 0.6786533957845434 0.082453125 0.34606557377049185
0 0.28440624999999997 0.36304449648711945 0.01703125 0.0311943793911007
0 0.620421875 0.7051756440281031 0.1388125 0.47714285714285715
0 0.30634375 0.47759953161592505 0.010843750000000001 0.0431615925058548
0 0.5241171875 0.5492154566744731 0.028828125 0.14016393442622951
0 0.694734375 0.5659601873536301 0.068 0.23618266978922714
0 0.7921953125 0.5801990632318501 0.034859375 0.21121779859484777
0 0.8382968749999999 0.546768149882904 0.0268125 0.09690866510538643
0 0.9680703125000001 0.5933255269320843 0.063546875 0.22941451990632317
0 0.5370390625 0.5228337236533958 0.027359375000000002 0.1282903981264637
0 0.47265625 0.531615925058548 0.9453125 0.22950819672131148
