0 0.7981023454157783 0.6616484375 0.09488272921108742 0.20973437499999997
0 0.3091044776119403 0.6709453125 0.07432835820895523 0.12532812499999998
0 0.6595842217484009 0.681375 0.04074626865671642 0.08990625
0 0.5867057569296374 0.6466328124999999 0.027270788912579957 0.064515625
0 0.3766098081023454 0.648484375 0.06997867803837954 0.12356249999999999
0 0.4624307036247335 0.625609375 0.025415778251599148 0.042125
0 0.8889658848614073 0.638375 0.03063965884861407 0.0779375
0 0.2224626865671642 0.6697265625 0.03315565031982943 0.032140625
0 0.6171428571428571 0.63496875 0.026439232409381664 0.0561875
0 0.7425266524520256 0.63478125 0.03805970149253732 0.0765
0 0.08208955223880597 0.6484062500000001 0.04426439232409382 0.08987500000000001
0 0.018859275053304904 0.663265625 0.023901918976545845 0.0614375
0 0.3426972281449893 0.687453125 0.03332622601279318 0.08584375
0 0.4989339019189765 0.6484375 0.997867803837953 0.103125
