0 0.5991484375 0.5266000000000001 0.7297343749999999 0.703364705882353
0 0.9487109374999999 0.48769411764705883 0.101703125 0.39651764705882353
0 0.10680468750000001 0.5373411764705882 0.117578125 0.25628235294117646
0 0.8383046875 0.3029294117647059 0.076265625 0.20496470588235294
0 0.7071562499999999 0.22396470588235295 0.046656249999999996 0.17371764705882353
0 0.8371875000000001 0.17221176470588234 0.06937499999999999 0.11816470588235294
0 0.12993749999999998 0.3305764705882353 0.059781249999999994 0.11870588235294119
0 0.317125 0.5256470588235295 0.08003125 0.22470588235294117
0 0.028109375000000002 0.4390117647058824 0.05500000000000001 0.27995294117647057
0 0.8323203125 0.5315294117647059 0.073296875 0.30178823529411763
0 0.8876406249999998 0.4221058823529412 0.034125 0.15235294117647058
0 0.8897187499999999 0.24807058823529413 0.054718750000000003 0.24734117647058826
0 0.3341484375 0.3323882352941176 0.047953125 0.1152235294117647
0 0.4921875 0.36941176470588233 0.984375 0.5741176470588235
