0 0.129125 0.389625 0.173875 0.7382916666666667
0 0.530734375 0.19736458333333334 0.012375 0.021854166666666668
0 0.5418125 0.21338541666666666 0.0304375 0.026312500000000003
0 0.57509375 0.19140625 0.02375 0.029145833333333333
0 0.5530546875 0.19680208333333335 0.011984375 0.018104166666666664
0 0.6362656250000001 0.187875 0.010875 0.016874999999999998
0 0.35059375000000004 0.17842708333333335 0.02759375 0.012354166666666666
0 0.6227890625 0.19697916666666665 0.014921875000000001 0.015625
0 0.6076953125 0.19938541666666668 0.008015625 0.008979166666666667
0 0.5888359375000001 0.19607291666666668 0.010515625 0.015854166666666666
0 0.6490703125 0.19630208333333332 0.009953125 0.011354166666666667
