0 0.1865625 0.6804332552693209 0.11378124999999999 0.5307025761124122
0 0.0232890625 0.5946018735362998 0.046578125 0.27252927400468385
0 0.6072109375 0.6412646370023419 0.103546875 0.3943793911007026
0 0.8591015624999999 0.6528103044496487 0.098953125 0.4876346604215457
0 0.724796875 0.608864168618267 0.06659375 0.31721311475409836
0 0.6448515625 0.5595316159250585 0.060609375 0.27138173302107726
0 0.3072265625 0.6900936768149883 0.115328125 0.55807962529274
0 0.43316406250000006 0.6003864168618267 0.061484375 0.30714285714285716
0 0.9522421875000001 0.6711475409836065 0.095515625 0.4845433255269321
0 0.5479921875 0.6150234192037471 0.049921875 0.3476112412177986
0 0.3342890625 0.6073419203747074 0.029859375 0.30868852459016394
0 0.51915625 0.5899297423887588 0.039218750000000004 0.22763466042154568
0 0.7874453124999999 0.6728337236533958 0.09226562499999999 0.4962997658079625
0 0.52578125 0.6346604215456675 0.9453125 0.4637002341920375
