0 0.51764 0.7089339339339339 0.21872 0.5596096096096096
0 0.33824 0.7793993993993993 0.26039999999999996 0.4045045045045045
0 0.33322 0.5062012012012012 0.21456 0.4465165165165165
0 0.10028000000000001 0.5937087087087086 0.19756 0.7483183183183183
0 0.20114 0.546066066066066 0.11324 0.6487687687687688
0 0.52273 0.3765915915915916 0.12897999999999998 0.37852852852852853
0 0.81491 0.5325825825825826 0.19306 0.9123723723723723
0 0.69074 0.7032132132132132 0.1372 0.5142942942942943
0 0.47353999999999996 0.4009009009009009 0.05156 0.06660660660660661
0 0.63008 0.4483183183183183 0.07484 0.18204204204204202
0 0.7667099999999999 0.2794144144144144 0.015099999999999999 0.0509009009009009
0 0.6901300000000001 0.3196996996996997 0.10538 0.16516516516516516
0 0.9203600000000001 0.6787837837837839 0.15928 0.6155855855855856
0 0.499 0.5555555555555556 0.998 0.8828828828828829
