0 0.5591171875000001 0.380625 0.077703125 0.25
0 0.336484375 0.39632291666666664 0.082125 0.2476875
0 0.1462890625 0.39553125 0.105640625 0.2670208333333333
0 0.645109375 0.2916666666666667 0.0245625 0.08395833333333333
0 0.7400703125000001 0.29659375000000004 0.018109375 0.06922916666666666
0 0.792203125 0.3022916666666667 0.02584375 0.08383333333333334
0 0.76475 0.27021874999999995 0.011625 0.027395833333333335
0 0.8040625 0.26688541666666665 0.00196875 0.0111875
0 0.809359375 0.26734375 0.003875 0.010854166666666666
0 0.77228125 0.35740625000000004 0.0464375 0.16935416666666667
