0 0.1508046875 0.6021562500000001 0.301609375 0.7698958333333333
0 0.287984375 0.521625 0.11612499999999999 0.289125
0 0.3901328125 0.5384895833333334 0.10895312500000001 0.23127083333333334
0 0.71284375 0.5664374999999999 0.0641875 0.25
0 0.5157265624999999 0.7471875 0.21573437499999998 0.505625
0 0.36275781250000005 0.4854895833333333 0.051734375 0.1294375
0 0.43492968750000005 0.49096875 0.029984375 0.042312499999999996
0 0.3063203125 0.5714583333333334 0.100453125 0.176375
0 0.2161328125 0.51634375 0.039671875 0.1421875
0 0.4961640625 0.49343750000000003 0.016796875 0.06883333333333333
