0 0.8889296874999999 0.5376995305164319 0.22214062499999998 0.5035211267605634
0 0.3715859375 0.2781924882629108 0.050734375 0.12821596244131456
0 0.6461875 0.26434272300469486 0.051968749999999994 0.12713615023474178
0 0.69275 0.25704225352112675 0.0429375 0.14713615023474177
0 0.9238125 0.3257042253521127 0.0841875 0.16830985915492958
0 0.6763046875 0.6419718309859155 0.356640625 0.6222065727699531
0 0.068203125 0.6864201877934272 0.133125 0.5975352112676057
0 0.482796875 0.22992957746478873 0.00871875 0.04117370892018779
0 0.50196875 0.22642018779342724 0.00940625 0.03692488262910798
0 0.3394921875 0.22372065727699533 0.009609375 0.03960093896713615
0 0.2376484375 0.33363849765258213 0.117890625 0.22295774647887326
0 0.4628671875 0.2585680751173709 0.030890624999999998 0.1168075117370892
0 0.137171875 0.30490610328638496 0.10006250000000001 0.1772769953051643
0 0.4890625 0.22300469483568075 0.978125 0.0892018779342723
