0 0.2631134259259259 0.2892734375 0.16576388888888888 0.19920312499999998
0 0.19024305555555557 0.1722109375 0.12173611111111111 0.129859375
0 0.6483564814814815 0.12784374999999998 0.08699074074074074 0.13834375000000002
0 0.4213194444444444 0.6904921875000001 0.3880092592592593 0.34392187500000004
0 0.42067129629629635 0.369734375 0.14578703703703702 0.159
0 0.15590277777777775 0.38679687500000004 0.16374999999999998 0.15846875
0 0.08990740740740742 0.279765625 0.12129629629629629 0.15053125
0 0.1609837962962963 0.24816406249999998 0.09289351851851853 0.096828125
0 0.6158912037037036 0.4024140625 0.10261574074074074 0.08692187500000001
0 0.0726736111111111 0.12442968749999998 0.08770833333333333 0.130453125
0 0.18690972222222224 0.101453125 0.07659722222222223 0.08290625
0 0.3574537037037037 0.4058515625 0.1288425925925926 0.099390625
0 0.9015162037037037 0.3913515625 0.08395833333333334 0.07082812499999999
0 0.5 0.3265625 0.9953703703703703 0.653125
