0 0.4567734375 0.4479583333333333 0.083640625 0.25629166666666664
0 0.49652343750000005 0.5063125 0.053265625000000004 0.12029166666666667
0 0.3436015625 0.47180208333333334 0.082328125 0.2541875
0 0.8056171875 0.4191041666666667 0.060671875 0.17754166666666665
0 0.5401484375 0.4698229166666667 0.058078125 0.17877083333333335
0 0.9718828125 0.5290208333333334 0.056234375 0.4049583333333333
0 0.40621093750000004 0.5419895833333334 0.051953125 0.09989583333333334
0 0.2909921875 0.5305416666666667 0.058203125 0.159125
0 0.8967812500000001 0.43164583333333334 0.0663125 0.174875
0 0.9575234375000001 0.47221875 0.073328125 0.3451458333333333
0 0.0333203125 0.74246875 0.066640625 0.43947916666666664
0 0.8549531250000001 0.4352604166666667 0.04240625 0.1490625
