0 0.9650859374999999 0.09519791666666667 0.06982812499999999 0.1334375
0 0.21657812499999998 0.48561458333333335 0.3998125 0.8408958333333333
0 0.4592734375 0.44943750000000005 0.187078125 0.7460833333333333
0 0.6231562500000001 0.48423958333333333 0.42253125 0.8453958333333333
0 0.8138984375 0.5007916666666666 0.295265625 0.9085833333333333
0 0.3 0.07415624999999999 0.12471874999999999 0.1438125
0 0.4323046875 0.07191666666666666 0.139890625 0.13933333333333334
0 0.5574453125 0.0779375 0.125765625 0.154875
0 0.67528125 0.07829166666666666 0.11521875 0.15133333333333335
0 0.8925234375000001 0.10337500000000001 0.082296875 0.10229166666666667
0 0.9605859375 0.03975 0.078484375 0.07729166666666668
0 0.3589921875 0.6404479166666666 0.084265625 0.29664583333333333
0 0.2822890625 0.22217708333333336 0.06754687499999999 0.17802083333333335
