0 0.6119166666666668 0.760578125 0.051000000000000004 0.12459374999999999
0 0.3521458333333333 0.7880546875000001 0.06583333333333334 0.127640625
0 0.25061458333333336 0.7780078125000001 0.0534375 0.117921875
0 0.07366666666666667 0.7282500000000001 0.03133333333333333 0.043875
0 0.6612395833333333 0.74553125 0.05064583333333333 0.05375
0 0.37498958333333327 0.7444609375 0.0408125 0.065046875
0 0.5621770833333334 0.7646796874999999 0.05202083333333333 0.121203125
0 0.5225416666666667 0.7488515625000001 0.020916666666666663 0.06967187500000001
0 0.20164583333333333 0.7788984375 0.043000000000000003 0.108453125
0 0.7155625000000001 0.741734375 0.04841666666666666 0.06371875
0 0.44557291666666665 0.7293437500000001 0.0279375 0.03846875
0 0.23297916666666668 0.7514609375 0.022625 0.047671875
0 0.30592708333333335 0.7726171875 0.0529375 0.099453125
0 0.4666666666666667 0.734375 0.9083333333333333 0.203125
