0 0.2947734375 0.806761487964989 0.070140625 0.20927789934354485
0 0.0377109375 0.7824288840262582 0.075421875 0.19207877461706785
0 0.1583515625 0.7985557986870897 0.08792187500000001 0.23304157549234136
0 0.22259375 0.7868161925601752 0.07875 0.2000656455142232
0 0.3903359375 0.7936105032822756 0.05795312500000001 0.19540481400437637
0 0.44858593750000003 0.8061925601750547 0.082578125 0.20757111597374178
0 0.5702812500000001 0.8273960612691467 0.0626875 0.1789059080962801
0 0.634515625 0.807417943107221 0.055781250000000004 0.17781181619256017
0 0.7256406249999999 0.8179431072210065 0.0438125 0.1677899343544858
0 0.7519921875 0.8374617067833697 0.06023437499999999 0.16910284463894967
0 0.948859375 0.8407768052516411 0.05065625 0.16645514223194746
0 0.33109375 0.7839387308533917 0.03478125 0.16927789934354487
0 0.613375 0.8026695842450767 0.049375 0.1601750547045952
