0 0.8977187499999999 0.43763593380614657 0.035312500000000004 0.04047281323877069
0 0.5493828125 0.39838061465721036 0.029828125 0.04130023640661938
0 0.8214218749999999 0.426063829787234 0.027468749999999997 0.04333333333333333
0 0.567953125 0.3603427895981088 0.018062500000000002 0.04442080378250591
0 0.3491796875 0.5929787234042553 0.095984375 0.24089834515366432
0 0.0604765625 0.4605200945626478 0.120953125 0.27933806146572104
0 0.0326328125 0.16624113475177305 0.028078125 0.048416075650118205
0 0.652765625 0.37138297872340426 0.02590625 0.066548463356974
0 0.47232812499999993 0.3248699763593381 0.02371875 0.05645390070921986
0 0.4692890625 0.5294917257683215 0.066734375 0.24981087470449173
0 0.8694687499999999 0.3895626477541371 0.0211875 0.06777777777777778
0 0.9386015625 0.4443735224586288 0.034015625 0.04326241134751773
0 0.403421875 0.3657919621749409 0.022375 0.039527186761229315
0 0.4953125 0.26595744680851063 0.990625 0.40425531914893614
