0 0.7162578125000001 0.791795407098121 0.039046874999999995 0.20872651356993738
0 0.49815624999999997 0.20799582463465552 0.025750000000000002 0.05878914405010439
0 0.47885156249999994 0.20561586638830898 0.017671875 0.055532359081419624
0 0.46626562499999996 0.21042797494780793 0.0225 0.05338204592901879
0 0.44652343750000006 0.20822546972860126 0.020234375 0.057202505219206674
0 0.44662500000000005 0.14230688935281838 0.01228125 0.0655741127348643
0 0.4286171875 0.15130480167014612 0.020953125 0.06219206680584551
0 0.9182734374999999 0.17764091858037578 0.016890625 0.07728601252609604
0 0.3944921875 0.14837160751565762 0.022453124999999997 0.0697286012526096
0 0.4828125 0.2586951983298538 0.02525 0.08361169102296451
0 0.11389843749999999 0.3292379958246347 0.044515624999999996 0.11897703549060543
0 0.15309374999999997 0.05006263048016701 0.014124999999999999 0.04292275574112735
0 0.13286718749999998 0.04599164926931107 0.013234375000000001 0.04751565762004176
0 0.321875 0.18058455114822547 0.528125 0.3068893528183716
