0 0.9343515625000001 0.8127764705882352 0.009796875 0.04395294117647059
0 0.9255703125 0.8175176470588237 0.007859375 0.033999999999999996
0 0.9377109375 0.7851764705882353 0.011859375 0.021176470588235293
0 0.9260859374999999 0.8097411764705882 0.010234375 0.04941176470588235
0 0.0273359375 0.822 0.014609374999999999 0.03308235294117647
0 0.013968750000000002 0.8280470588235295 0.00390625 0.018211764705882354
0 0.4083671875 0.8093764705882354 0.008234374999999999 0.01771764705882353
0 0.5593671875 0.8124823529411764 0.009953125 0.045576470588235295
0 0.906453125 0.8068823529411765 0.01690625 0.05757647058823529
0 0.8322968750000002 0.810964705882353 0.01821875 0.030776470588235294
0 0.4440234375 0.8086705882352941 0.007859375 0.023929411764705883
0 0.0066484375 0.8178 0.013296875 0.02416470588235294
