0 0.2665546875 0.5523178137651822 0.027140625 0.10010121457489879
0 0.44137499999999996 0.5434716599190283 0.026437500000000003 0.09172064777327936
0 0.4704453125 0.5409008097165992 0.024671875 0.06977732793522266
0 0.18587499999999998 0.5427327935222672 0.02290625 0.08016194331983806
0 0.5773671874999999 0.5428036437246964 0.021953125 0.08888663967611335
0 0.7235234375 0.5232995951417004 0.023296875 0.05097165991902834
0 0.8227343749999999 0.5493825910931175 0.028875 0.10338056680161943
0 0.868328125 0.5328846153846154 0.013593749999999998 0.053906882591093115
0 0.49761718750000006 0.5237145748987854 0.020484375 0.04629554655870446
0 0.201171875 0.5264777327935223 0.01190625 0.03554655870445344
0 0.0230234375 0.5437753036437247 0.024578125 0.0943927125506073
0 0.355328125 0.5315283400809716 0.0300625 0.09698380566801619
0 0.80003125 0.5299493927125506 0.0130625 0.05273279352226721
0 0.40546875 0.5364372469635628 0.7453125 0.08906882591093117
