0 0.42277 0.8061866666666666 0.07498 0.28816
0 0.20651000000000003 0.7900133333333333 0.046299999999999994 0.21421333333333334
0 0.14812999999999998 0.7838666666666666 0.062299999999999994 0.24208
0 0.08847 0.7740799999999999 0.047979999999999995 0.2109333333333333
0 0.50149 0.8023733333333333 0.06686 0.18858666666666665
0 0.39283999999999997 0.7290133333333333 0.03816 0.12362666666666666
0 0.62937 0.7342533333333332 0.027899999999999998 0.10578666666666667
0 0.12134 0.6790666666666667 0.01112 0.03765333333333333
0 0.32591999999999993 0.7721466666666666 0.0458 0.18957333333333334
0 0.73305 0.7336133333333333 0.02486 0.10941333333333333
0 0.71347 0.717 0.02878 0.08045333333333334
0 0.79599 0.7161466666666667 0.05682 0.09304
0 0.8679699999999999 0.7523866666666666 0.0361 0.12941333333333332
0 0.303 0.7813333333333333 0.558 0.24
