0 0.8372014051522249 0.543265625 0.32559718969555035 0.21428124999999998
0 0.6176932084309134 0.538875 0.02531615925058548 0.014656250000000001
0 0.4278337236533958 0.5097421874999999 0.015761124121779862 0.024296875000000002
0 0.16925058548009367 0.44867187500000005 0.009320843091334895 0.018125
0 0.579672131147541 0.537 0.02927400468384075 0.0173125
0 0.6648946135831383 0.4571640625000001 0.02477751756440281 0.016703125
0 0.9502810304449648 0.41831250000000003 0.008243559718969555 0.014781250000000001
0 0.9773887587822013 0.4436640625 0.015901639344262294 0.021484375
0 0.8034309133489461 0.4083046875 0.016697892271662764 0.007953125
0 0.5049297423887588 0.45345312500000007 0.011405152224824357 0.01828125
0 0.04097189695550351 0.43578906249999994 0.010327868852459017 0.022296875
0 0.9379859484777517 0.4183203125 0.00819672131147541 0.014859375
0 0.6161592505854802 0.4483984375 0.010163934426229508 0.019140625
