0 0.227875 0.5548750000000001 0.08284375000000001 0.36783333333333335
0 0.8877656249999999 0.4629270833333333 0.08990625 0.25877083333333334
0 0.5994531249999999 0.5220104166666667 0.1385 0.22689583333333332
0 0.3276484375 0.54640625 0.07860937500000001 0.3474791666666667
0 0.6516171875 0.41015625 0.07195312499999999 0.2088125
0 0.9449453125 0.57865625 0.110109375 0.32135416666666666
0 0.8458203124999999 0.4237395833333333 0.077828125 0.3009791666666667
0 0.7272421875 0.5336562499999999 0.143484375 0.2149375
0 0.6633203125 0.54540625 0.145921875 0.25614583333333335
0 0.45387500000000003 0.45946875000000004 0.11628125 0.3268125
0 0.5151484375 0.5157291666666667 0.08395312499999999 0.275875
