0 0.45718749999999997 0.5935833333333334 0.0875625 0.2749166666666667
0 0.8098671874999999 0.39822916666666663 0.056578125 0.16308333333333333
0 0.32780468749999997 0.5112395833333333 0.183703125 0.4741458333333333
0 0.04246875 0.475125 0.0849375 0.30291666666666667
0 0.752953125 0.40086458333333336 0.030906250000000003 0.12493749999999999
0 0.183734375 0.4144479166666667 0.026218750000000002 0.13222916666666668
0 0.168390625 0.40528125000000004 0.02909375 0.1406875
0 0.5544921875 0.52471875 0.178640625 0.42922916666666666
0 0.0733359375 0.5026041666666666 0.054703125 0.22033333333333335
0 0.20953906249999998 0.40303124999999995 0.028203125000000002 0.10710416666666665
0 0.408171875 0.41090625000000003 0.03575 0.1314375
0 0.716765625 0.3540520833333333 0.030156250000000002 0.07089583333333334
0 0.73740625 0.38479166666666664 0.02309375 0.10391666666666667
0 0.5921875 0.40729166666666666 0.8125 0.16875
